          40
   5.2594290344623686E-002  0.60706180765010387        0.0000000000000000       0.79465461786400537     
   3.9620846910611296E-003  0.18759241532168749       0.57735022025815474       0.79465452171471074     
   1.6715684605229306E-002 -0.49112345225561271       0.35682204795937500       0.79465450400448034     
   1.6715684605229198E-002 -0.49112345225561271      -0.35682204795937500       0.79465450400448034     
   3.9620846910610090E-003  0.18759241532168749      -0.57735022025815474       0.79465452171471074     
  0.19828788769613834       0.98224696726595540        0.0000000000000000       0.18759236470825005     
   4.1779336488611456E-004  0.30353105994767221       0.93417234604054966       0.18759243998663166     
   4.9211371905313935E-003 -0.79465451229160367       0.57735022886415510       0.18759242875207197     
   4.9211371905313935E-003 -0.79465451229160367      -0.57735022886415510       0.18759242875207197     
   4.1779336488611456E-004  0.30353105994767221      -0.93417234604054966       0.18759243998663166     
   1.3160489652547425E-002  0.30036301085684325        0.0000000000000000       0.95382496387388183     
   7.3614523209849878E-003   9.2817161535506010E-002  0.28566244968269383       0.95382489974091900     
   1.0968349498844284E-002 -0.24299900910038510       0.17654909738809363       0.95382487794546456     
   1.0968349498844286E-002 -0.24299900910038510      -0.17654909738809363       0.95382487794546456     
   7.3614523209849870E-003   9.2817161535506010E-002 -0.28566244968269383       0.95382489974091900     
   5.6122746074096563E-002  0.89168403212848169      -0.29474797215088022       0.34354507675127127     
   1.4840171573459820E-003  0.55586768756579963       0.75695960347203994       0.34354515370137678     
   1.5311784918646478E-003 -0.54813876352016833       0.76257498300934001       0.34354518074757778     
   6.0905795064352619E-002 -0.89463607563358682      -0.28566244369706678       0.34354513595153008     
   3.2152823874754540E-004  -4.7763615528973007E-003 -0.93912401589858174       0.34354514860908225     
   4.1762956266832039E-002  0.70604918141588879      -0.29474803123439264       0.64390849622085511     
   5.1751961502365098E-003  0.49850332519441781       0.58041046540704733       0.64390847673880103     
   2.8359854444418298E-003 -0.39795719146133091       0.65346152380509503       0.64390846451225736     
   6.7152547827454667E-002 -0.74445430249498146      -0.17654911344835089       0.64390853545927773     
   1.1052237926998194E-003  -6.2140692507124395E-002 -0.76257486562255294       0.64390846294755311     
   4.1762956266832039E-002  0.70604918141588879       0.29474803123439264       0.64390849622085511     
   1.1052237926998192E-003  -6.2140692507124395E-002  0.76257486562255294       0.64390846294755311     
   6.7152547827454667E-002 -0.74445430249498146       0.17654911344835089       0.64390853545927773     
   2.8359854444418302E-003 -0.39795719146133091      -0.65346152380509503       0.64390846451225736     
   5.1751961502365098E-003  0.49850332519441781      -0.58041046540704733       0.64390847673880103     
   5.6122746074096556E-002  0.89168403212848169       0.29474797215088022       0.34354507675127127     
   3.2152823874754540E-004  -4.7763615528973007E-003  0.93912401589858174       0.34354514860908225     
   6.0905795064352605E-002 -0.89463607563358682       0.28566244369706678       0.34354513595153008     
   1.5311784918646478E-003 -0.54813876352016833      -0.76257498300934001       0.34354518074757778     
   1.4840171573459820E-003  0.55586768756579963      -0.75695960347203994       0.34354515370137678     
   3.6126094451764210E-003  0.79886667770090369       0.58041047339158836       0.15791046082027815     
   3.2373490856580262E-004 -0.30513972389543981       0.93912407635869610       0.15791047496743477     
  0.16404606480268105      -0.98745343926124396        0.0000000000000000       0.15791043439602281     
   3.2373490856580256E-004 -0.30513972389543981      -0.93912407635869610       0.15791047496743477     
   3.6126094451764206E-003  0.79886667770090369      -0.58041047339158836       0.15791046082027815     
